5 5 1 0.13 8 200 146.8944 5.29648454987332 0.0605444741445502 0.1 0.1 200 1
5 5 1 0.13 8 200 146.8944 5.29648454987332 0.0605444741445502 0 0.1 200 1
5 5 1 0.13 8 200 146.8944 5.29648454987332 0.0605444741445502 0.111111111111111 0.1 200 1
5 5 1 0.13 8 200 146.8944 5.29648454987332 0.0605444741445502 0.222222222222222 0.1 200 1
5 5 1 0.13 8 200 146.8944 5.29648454987332 0.0605444741445502 0.333333333333333 0.1 200 1
5 5 1 0.13 8 200 146.8944 5.29648454987332 0.0605444741445502 0.444444444444444 0.1 200 1
5 5 1 0.13 8 200 146.8944 5.29648454987332 0.0605444741445502 0.555555555555556 0.1 200 1
5 5 1 0.13 8 200 146.8944 5.29648454987332 0.0605444741445502 0.666666666666667 0.1 200 1
5 5 1 0.13 8 200 146.8944 5.29648454987332 0.0605444741445502 0.777777777777778 0.1 200 1
5 5 1 0.13 8 200 146.8944 5.29648454987332 0.0605444741445502 0.888888888888889 0.1 200 1
5 5 1 0.13 8 200 146.8944 5.29648454987332 0.0605444741445502 1 0.1 200 1
5 5 1 0.13 8 200 146.8944 5.29648454987332 0.0605444741445502 0.1 0 200 1
5 5 1 0.13 8 200 146.8944 5.29648454987332 0.0605444741445502 0.1 22.2222222222222 200 1
5 5 1 0.13 8 200 146.8944 5.29648454987332 0.0605444741445502 0.1 44.4444444444444 200 1
5 5 1 0.13 8 200 146.8944 5.29648454987332 0.0605444741445502 0.1 66.6666666666667 200 1
5 5 1 0.13 8 200 146.8944 5.29648454987332 0.0605444741445502 0.1 88.8888888888889 200 1
5 5 1 0.13 8 200 146.8944 5.29648454987332 0.0605444741445502 0.1 111.111111111111 200 1
5 5 1 0.13 8 200 146.8944 5.29648454987332 0.0605444741445502 0.1 133.333333333333 200 1
5 5 1 0.13 8 200 146.8944 5.29648454987332 0.0605444741445502 0.1 155.555555555556 200 1
5 5 1 0.13 8 200 146.8944 5.29648454987332 0.0605444741445502 0.1 177.777777777778 200 1
5 5 1 0.13 8 200 146.8944 5.29648454987332 0.0605444741445502 0.1 200 200 1
5 5 1 0.13 8 200 146.8944 5.29648454987332 0.0605444741445502 0.1 0.1 200 1
5 5 1 0.13 8 200 146.8944 5.29648454987332 0.0605444741445502 0.1 0.1 200 2
5 5 1 0.13 8 200 146.8944 5.29648454987332 0.0605444741445502 0.1 0.1 200 3
5 5 1 0.13 8 200 146.8944 5.29648454987332 0.0605444741445502 0.1 0.1 200 4
5 5 1 0.13 8 200 146.8944 5.29648454987332 0.0605444741445502 0.1 0.1 200 5
5 5 1 0.13 8 200 146.8944 5.29648454987332 0.0605444741445502 0.1 0.1 200 6
5 5 1 0.13 8 200 146.8944 5.29648454987332 0.0605444741445502 0.1 0.1 200 7
5 5 1 0.13 8 200 146.8944 5.29648454987332 0.0605444741445502 0.1 0.1 200 8
5 5 1 0.13 8 200 146.8944 5.29648454987332 0.0605444741445502 0.1 0.1 200 9
5 5 1 0.13 8 200 146.8944 5.29648454987332 0.0605444741445502 0.1 0.1 200 10
5 5 1 0.13 8 200 146.8944 5.29648454987332 0.0605444741445502 0.1 0.1 200 11
5 5 1 0.13 8 200 146.8944 5.29648454987332 0.0605444741445502 0.1 0.1 200 12
5 5 1 0.13 8 200 146.8944 5.29648454987332 0.0605444741445502 0.1 0.1 200 13
5 5 1 0.13 8 200 146.8944 5.29648454987332 0.0605444741445502 0.1 0.1 200 14
5 5 1 0.13 8 200 146.8944 5.29648454987332 0.0605444741445502 0.1 0.1 200 15
5 5 1 0.13 8 200 146.8944 5.29648454987332 0.0605444741445502 0.1 0.1 200 16
5 5 1 0.13 8 200 146.8944 5.29648454987332 0.0605444741445502 0.1 0.1 200 17
5 5 1 0.13 8 200 146.8944 5.29648454987332 0.0605444741445502 0.1 0.1 200 18
5 5 1 0.13 8 200 146.8944 5.29648454987332 0.0605444741445502 0.1 0.1 200 19
5 5 1 0.13 8 200 146.8944 5.29648454987332 0.0605444741445502 0.1 0.1 200 20
